date,mean,popularity,num_list_users,num_scoring_users
2023-04-22T16:06:53.319Z,9.19,652,330546,104420
2023-04-22T17:00:12.305Z,9.19,652,330926,104567
2023-04-22T18:00:12.381Z,9.18,651,331414,104758
2023-04-22T19:00:27.736Z,9.18,651,331664,104846
2023-04-22T20:00:27.013Z,9.18,650,332197,105064
2023-04-22T21:00:27.304Z,9.18,650,332622,105257
2023-04-22T22:00:37.300Z,9.18,650,333147,105459
2023-04-22T23:00:11.997Z,9.18,648,333445,105578
2023-04-23T00:00:33.404Z,9.18,648,334080,105812
2023-04-23T01:00:11.340Z,9.18,645,334202,105853
2023-04-23T02:00:11.486Z,9.18,645,334556,105998
2023-04-23T03:00:23.312Z,9.18,644,335111,106233
2023-04-23T04:00:36.979Z,9.18,644,335460,106383
2023-04-23T05:00:11.060Z,9.18,644,335754,106500
2023-04-23T06:00:37.825Z,9.18,644,336214,106713
2023-04-23T07:00:21.161Z,9.18,643,336528,106820
2023-04-23T08:00:12.431Z,9.18,643,336824,106953
2023-04-23T09:00:14.717Z,9.18,643,337064,107061
2023-04-23T10:00:17.804Z,9.17,643,337459,107224
2023-04-23T11:00:21.208Z,9.17,643,337806,107369
2023-04-23T12:00:11.160Z,9.17,643,338024,107467
2023-04-23T13:00:14.508Z,9.17,643,338443,107619
2023-04-23T14:00:19.618Z,9.17,640,338990,107827
2023-04-23T15:00:28.169Z,9.17,640,339470,108013
2023-04-23T16:00:29.208Z,9.17,638,339969,108213
2023-04-23T17:00:29.017Z,9.17,638,340373,108374
2023-04-23T18:00:38.123Z,9.17,637,340692,108497
2023-04-23T19:00:14.539Z,9.17,637,341140,108647
2023-04-23T20:00:19.413Z,9.17,636,341856,108890
2023-04-23T21:00:13.689Z,9.17,635,342271,109041
2023-04-23T22:00:37.022Z,9.17,633,342885,109288
2023-04-23T23:00:25.717Z,9.17,632,343188,109384
2023-04-24T00:00:22.283Z,9.17,629,343645,109557
2023-04-24T01:00:11.661Z,9.17,629,344017,109686
2023-04-24T02:00:37.283Z,9.16,626,344353,109830
2023-04-24T03:00:12.317Z,9.16,625,344628,109936
2023-04-24T04:00:18.666Z,9.16,625,345023,110057
2023-04-24T05:00:10.898Z,9.16,625,345319,110178
2023-04-24T06:00:37.664Z,9.16,622,345701,110330
2023-04-24T07:00:11.194Z,9.16,621,345764,110359
2023-04-24T08:00:21.159Z,9.16,621,346179,110520
2023-04-24T09:00:37.582Z,9.16,621,346343,110576
2023-04-24T10:00:37.652Z,9.16,621,346656,110673
2023-04-24T11:00:37.704Z,9.16,621,346996,110798
2023-04-24T12:00:23.828Z,9.16,620,347178,110852
2023-04-24T13:00:13.752Z,9.16,620,347544,110996
2023-04-24T14:00:38.423Z,9.16,618,347792,111116
2023-04-24T15:00:34.039Z,9.16,616,348272,111324
2023-04-24T16:01:06.787Z,9.16,616,348499,111403
2023-04-24T17:01:08.035Z,9.16,616,348976,111597
2023-04-24T18:00:37.623Z,9.16,615,349150,111662
2023-04-24T19:00:38.259Z,9.16,614,349608,111844
2023-04-24T20:00:38.296Z,9.16,614,349971,111983
2023-04-24T21:00:25.162Z,9.16,614,350357,112114
2023-04-24T22:00:38.009Z,9.16,613,350803,112277
2023-04-24T23:00:38.258Z,9.16,613,351152,112409
2023-04-25T00:00:38.285Z,9.16,613,351496,112536
2023-04-25T01:00:11.760Z,9.15,612,351707,112618
2023-04-25T02:00:26.391Z,9.15,612,351972,112711
2023-04-25T03:00:17.575Z,9.15,612,352288,112846
2023-04-25T04:00:21.327Z,9.15,612,352541,112934
2023-04-25T05:00:36.318Z,9.15,611,352804,113048
2023-04-25T06:00:39.499Z,9.15,610,353080,113150
2023-04-25T07:00:43.526Z,9.15,610,353179,113189
2023-04-25T08:03:29.873Z,9.15,610,353530,113315
2023-04-25T09:01:45.555Z,9.15,609,353778,113420
2023-04-25T10:00:38.767Z,9.15,609,353951,113487
2023-04-25T11:00:37.856Z,9.15,609,354181,113570
2023-04-25T12:00:18.654Z,9.15,608,354408,113669
2023-04-25T13:00:12.158Z,9.15,608,354648,113757
2023-04-25T14:00:21.123Z,9.15,608,354819,113832
2023-04-25T15:00:23.081Z,9.15,606,355165,113970
2023-04-25T16:00:17.740Z,9.15,606,355528,114102
2023-04-25T17:00:14.332Z,9.15,605,355873,114245
2023-04-25T18:00:37.500Z,9.15,604,356184,114371
2023-04-25T19:00:22.608Z,9.15,604,356524,114502
2023-04-25T20:00:37.240Z,9.15,603,356866,114628
2023-04-25T21:00:36.676Z,9.15,602,357254,114764
2023-04-25T22:00:08.320Z,9.15,601,357540,114881
2023-04-25T23:00:16.424Z,9.15,600,357858,114987
2023-04-26T00:00:11.330Z,9.15,599,358149,115114
2023-04-26T01:00:15.402Z,9.15,599,358377,115189
2023-04-26T03:00:16.217Z,9.14,599,358743,115351
2023-04-26T04:00:37.477Z,9.14,597,359068,115487
2023-04-26T05:00:16.991Z,9.14,597,359244,115560
2023-04-26T06:00:11.175Z,9.14,597,359398,115620
2023-04-26T07:00:38.490Z,9.14,597,359640,115706
2023-04-26T08:00:11.325Z,9.14,597,359788,115759
2023-04-26T09:00:11.405Z,9.14,597,360015,115855
2023-04-26T10:00:11.419Z,9.14,596,360157,115926
2023-04-26T11:00:19.193Z,9.14,596,360330,115987
2023-04-26T12:00:11.026Z,9.14,596,360522,116073
2023-04-26T13:00:36.664Z,9.14,596,360670,116125
2023-04-26T14:00:21.113Z,9.14,596,360862,116201
2023-04-26T16:00:37.330Z,9.14,596,361379,116407
2023-04-26T17:00:25.049Z,9.14,596,361721,116581
2023-04-26T18:00:37.436Z,9.14,595,361927,116681
2023-04-26T19:00:37.249Z,9.14,595,362344,116880
2023-04-26T20:00:11.349Z,9.14,595,362598,116988
2023-04-26T21:00:38.296Z,9.14,595,362964,117150
2023-04-26T22:00:11.329Z,9.14,595,363276,117284
2023-04-27T00:00:37.119Z,9.13,593,363830,117530
2023-04-27T01:00:11.690Z,9.13,593,364007,117602
2023-04-27T02:00:11.159Z,9.13,593,364132,117666
2023-04-27T03:00:36.980Z,9.13,591,364693,117858
2023-04-27T04:00:17.106Z,9.13,591,364962,117952
2023-04-27T05:00:36.921Z,9.13,590,365337,118091
2023-04-27T06:00:12.691Z,9.13,589,365752,118222
2023-04-27T07:00:09.983Z,9.13,587,366135,118362
2023-04-27T08:00:37.869Z,9.13,585,366306,118404
2023-04-27T09:00:37.236Z,9.13,583,366659,118529
2023-04-27T10:00:12.884Z,9.13,582,367040,118676
2023-04-27T11:00:37.418Z,9.13,582,367297,118750
2023-04-27T12:00:37.487Z,9.13,582,367742,118904
2023-04-27T13:00:20.087Z,9.13,581,368086,119030
2023-04-27T14:00:37.382Z,9.13,581,368452,119146
2023-04-27T15:00:19.279Z,9.13,580,368692,119228
2023-04-27T16:00:14.969Z,9.13,578,369092,119385
2023-04-27T17:00:37.391Z,9.13,576,369347,119483
2023-04-27T18:00:11.414Z,9.13,576,369912,119674
2023-04-27T19:00:20.823Z,9.13,575,370238,119765
2023-04-27T20:00:37.023Z,9.13,575,370649,119942
2023-04-27T21:00:37.029Z,9.13,575,370996,120054
2023-04-27T22:00:36.957Z,9.12,573,371410,120187
2023-04-27T23:00:36.883Z,9.12,573,371726,120288
2023-04-28T00:00:37.545Z,9.12,571,372079,120399
2023-04-28T01:00:36.591Z,9.12,570,372242,120463
2023-04-28T02:00:14.586Z,9.12,570,372474,120551
2023-04-28T03:00:12.764Z,9.12,570,372728,120640
2023-04-28T04:00:11.030Z,9.12,569,372936,120726
2023-04-28T05:00:36.790Z,9.12,569,373170,120809
2023-04-28T06:00:10.544Z,9.12,569,373396,120902
2023-04-28T07:00:10.981Z,9.12,568,373584,120971
2023-04-28T08:00:36.827Z,9.12,567,373796,121047
2023-04-28T09:00:30.568Z,9.12,566,373965,121110
2023-04-28T12:00:10.811Z,9.12,566,374088,121155
2023-04-28T13:00:36.894Z,9.12,566,374318,121255
2023-04-28T14:00:37.026Z,9.12,566,374419,121300
2023-04-28T15:00:11.182Z,9.12,566,374763,121437
2023-04-28T16:00:37.106Z,9.12,566,374965,121521
2023-04-28T17:00:12.850Z,9.12,566,375338,121658
2023-04-28T18:00:09.421Z,9.12,566,375493,121721
2023-04-28T19:00:22.008Z,9.12,566,375926,121873
2023-04-28T20:00:11.812Z,9.12,566,376035,121920
2023-04-28T21:00:31.624Z,9.12,566,376439,122079
2023-04-28T22:00:10.239Z,9.12,566,376642,122158
2023-04-28T23:00:37.076Z,9.11,566,376927,122267
2023-04-29T00:00:37.717Z,9.11,565,377195,122369
2023-04-29T01:00:09.919Z,9.11,564,377366,122431
2023-04-29T02:00:36.683Z,9.11,564,377542,122517
2023-04-29T03:00:36.988Z,9.11,563,377663,122572
2023-04-29T04:00:37.038Z,9.11,562,377928,122681
2023-04-29T05:00:09.833Z,9.11,562,378093,122748
2023-04-29T06:00:37.070Z,9.11,562,378272,122819
2023-04-29T07:00:36.989Z,9.11,562,378418,122866
2023-04-29T08:00:37.926Z,9.11,560,378632,122973
2023-04-29T09:00:37.744Z,9.11,560,378762,123015
2023-04-29T11:00:37.899Z,9.11,558,379155,123170
2023-04-29T12:00:37.975Z,9.11,555,379377,123271
2023-04-29T13:00:38.078Z,9.11,555,379539,123340
2023-04-29T14:00:38.069Z,9.11,555,379750,123428
2023-04-29T15:00:11.103Z,9.11,554,379933,123515
2023-04-29T16:00:37.554Z,9.11,554,380226,123632
2023-04-29T17:00:14.979Z,9.11,554,380460,123714
2023-04-29T18:00:15.777Z,9.11,551,380844,123853
2023-04-29T19:00:18.785Z,9.11,551,381104,123941
2023-04-29T20:00:09.562Z,9.11,550,381367,124029
2023-04-29T21:00:15.058Z,9.11,547,381693,124170
2023-04-29T22:00:12.904Z,9.11,546,381955,124275
2023-04-29T23:00:28.626Z,9.11,546,382071,124330
2023-04-30T00:00:13.116Z,9.1,545,382365,124451
2023-04-30T01:00:09.428Z,9.1,545,382500,124505
2023-04-30T02:00:37.238Z,9.1,545,382746,124629
2023-04-30T03:00:36.817Z,9.1,544,382961,124714
2023-04-30T04:00:10.880Z,9.1,544,383112,124782
2023-04-30T05:00:13.177Z,9.1,544,383301,124873
2023-04-30T07:00:37.229Z,9.1,544,383714,125057
2023-04-30T08:00:14.728Z,9.1,544,383892,125134
2023-04-30T09:00:10.425Z,9.1,544,384083,125214
2023-04-30T10:00:11.372Z,9.1,544,384259,125273
2023-04-30T11:00:37.318Z,9.1,544,384438,125346
2023-04-30T14:00:37.963Z,9.1,543,385006,125586
2023-04-30T15:00:11.566Z,9.1,543,385301,125716
2023-04-30T16:00:12.259Z,9.1,542,385523,125817
2023-04-30T17:00:10.526Z,9.1,542,385719,125893
2023-04-30T18:00:37.506Z,9.1,542,385970,126008
2023-04-30T19:00:37.394Z,9.1,541,386282,126135
2023-04-30T20:00:13.419Z,9.1,541,386466,126221
2023-04-30T21:00:38.427Z,9.09,541,386866,126422
2023-04-30T22:00:10.747Z,9.09,541,387002,126477
2023-04-30T23:00:28.281Z,9.09,541,387294,126587
2023-05-01T00:00:21.807Z,9.09,539,387582,126705
2023-05-01T01:00:10.890Z,9.09,538,387808,126792
2023-05-01T02:00:37.262Z,9.09,538,388007,126882
2023-05-01T03:00:38.230Z,9.09,538,388143,126937
2023-05-01T05:00:37.964Z,9.09,538,388616,127124
2023-05-01T07:00:38.059Z,9.09,538,388992,127264
2023-05-01T08:00:19.086Z,9.09,538,389114,127320
2023-05-01T09:00:10.862Z,9.09,538,389224,127377
2023-05-01T10:00:37.914Z,9.09,538,389445,127458
2023-05-01T11:00:37.946Z,9.09,538,389657,127542
2023-05-01T12:00:17.637Z,9.09,538,389854,127607
2023-05-01T13:00:14.589Z,9.09,538,389992,127657
2023-05-01T14:00:37.917Z,9.09,538,390186,127732
2023-05-01T15:00:37.979Z,9.09,538,390424,127843
2023-05-01T16:00:13.172Z,9.09,538,390714,127948
2023-05-01T17:00:25.420Z,9.09,538,390920,128039
2023-05-01T18:00:28.895Z,9.09,538,391172,128143
2023-05-01T19:00:27.789Z,9.09,538,391423,128244
2023-05-01T20:00:37.413Z,9.09,538,391620,128319
2023-05-01T21:00:12.370Z,9.09,538,391920,128441
2023-05-01T22:00:37.420Z,9.09,538,392178,128558
2023-05-01T23:00:36.924Z,9.09,538,392337,128628
2023-05-02T00:00:37.635Z,9.09,538,392533,128692
2023-05-02T01:00:36.889Z,9.09,538,392735,128785
2023-05-02T02:00:16.075Z,9.09,538,392975,128892
2023-05-02T03:00:37.291Z,9.09,537,393100,128946
2023-05-02T04:00:37.407Z,9.09,537,393342,129061
2023-05-02T05:00:31.107Z,9.09,536,393514,129142
2023-05-02T06:00:38.512Z,9.09,536,393684,129211
2023-05-02T07:00:10.863Z,9.09,535,393870,129299
2023-05-02T08:00:14.275Z,9.09,535,394055,129393
2023-05-02T09:00:37.482Z,9.09,535,394127,129435
2023-05-02T10:00:37.085Z,9.09,535,394295,129529
2023-05-02T11:00:37.474Z,9.09,534,394444,129607
2023-05-02T12:00:10.623Z,9.09,534,394616,129685
2023-05-02T13:00:11.169Z,9.09,534,394861,129796
2023-05-02T14:00:37.605Z,9.09,534,395011,129877
2023-05-02T15:00:23.040Z,9.09,533,395219,129972
2023-05-02T16:00:37.672Z,9.09,532,395358,130039
2023-05-02T17:00:37.516Z,9.09,532,395626,130154
2023-05-02T18:00:11.164Z,9.09,531,395741,130202
2023-05-02T19:00:18.940Z,9.09,531,395973,130307
2023-05-02T20:00:37.444Z,9.09,530,396184,130410
2023-05-02T21:00:37.823Z,9.08,530,396392,130499
2023-05-02T22:00:36.583Z,9.08,530,396596,130569
2023-05-02T23:00:13.233Z,9.08,530,396774,130631
2023-05-03T00:00:19.577Z,9.08,530,396950,130712
2023-05-03T01:00:36.933Z,9.08,530,397077,130759
2023-05-03T02:00:32.071Z,9.08,530,397271,130834
2023-05-03T04:00:16.274Z,9.08,530,397538,130938
2023-05-03T05:00:36.756Z,9.08,530,397667,130982
2023-05-03T06:00:37.435Z,9.08,530,397790,131040
2023-05-03T07:00:21.999Z,9.08,529,397900,131086
2023-05-03T08:00:12.009Z,9.08,528,398013,131123
2023-05-03T09:00:37.256Z,9.08,528,398117,131169
2023-05-03T10:00:18.855Z,9.08,528,398286,131242
2023-05-03T11:00:37.707Z,9.08,528,398391,131294
2023-05-03T12:00:38.207Z,9.08,528,398491,131331
2023-05-03T13:00:10.940Z,9.08,527,398643,131380
2023-05-03T14:00:11.436Z,9.08,525,398764,131431
2023-05-03T15:00:37.904Z,9.08,526,398944,131501
2023-05-03T16:00:38.088Z,9.08,525,399107,131568
2023-05-03T17:00:10.588Z,9.08,525,399295,131672
2023-05-03T18:00:10.657Z,9.08,525,399471,131788
2023-05-03T19:00:19.204Z,9.08,525,399711,131903
2023-05-03T20:00:14.601Z,9.08,525,399995,132055
2023-05-03T21:00:38.383Z,9.08,525,400230,132184
2023-05-03T22:00:24.057Z,9.08,525,400380,132263
2023-05-03T23:00:37.411Z,9.08,524,400558,132357
2023-05-04T00:00:37.292Z,9.08,524,400708,132437
2023-05-04T01:00:21.156Z,9.08,524,400970,132562
2023-05-04T02:00:36.576Z,9.08,524,401155,132653
2023-05-04T03:00:37.169Z,9.08,524,401257,132708
2023-05-04T04:00:36.628Z,9.08,524,401497,132808
2023-05-04T05:00:11.041Z,9.08,523,401575,132852
2023-05-04T06:00:10.465Z,9.08,523,401767,132935
2023-05-04T07:00:18.404Z,9.08,523,401962,133030
2023-05-04T09:00:37.893Z,9.08,522,402118,133098
2023-05-04T10:00:37.714Z,9.08,522,402253,133161
2023-05-04T11:00:37.559Z,9.08,522,402375,133222
2023-05-04T12:00:37.609Z,9.08,522,402541,133301
2023-05-04T13:00:11.535Z,9.08,522,402747,133424
2023-05-04T14:00:12.916Z,9.08,522,402888,133480
2023-05-04T15:00:11.788Z,9.08,521,403116,133585
2023-05-04T17:00:36.998Z,9.08,519,403418,133722
2023-05-04T19:00:37.260Z,9.08,519,403867,133935
2023-05-04T20:00:09.905Z,9.08,519,404052,134013
2023-05-04T21:00:17.705Z,9.08,519,404195,134072
2023-05-04T22:00:10.979Z,9.08,519,404427,134200
2023-05-04T23:00:37.301Z,9.08,519,404629,134283
2023-05-05T00:00:37.227Z,9.07,519,404747,134328
2023-05-05T01:00:36.709Z,9.07,519,404851,134354
2023-05-05T02:00:19.173Z,9.07,518,405049,134439
2023-05-05T03:00:10.691Z,9.07,518,405154,134489
2023-05-05T04:00:37.061Z,9.07,518,405292,134543
2023-05-05T05:00:09.803Z,9.07,518,405365,134572
2023-05-05T06:00:10.770Z,9.07,518,405508,134631
2023-05-05T07:00:37.828Z,9.07,517,405640,134696
2023-05-05T08:00:16.490Z,9.07,516,405745,134740
2023-05-05T09:00:17.986Z,9.07,515,405818,134767
2023-05-05T10:00:14.041Z,9.07,515,405895,134795
2023-05-05T11:00:28.999Z,9.07,515,406063,134866
2023-05-05T12:00:18.221Z,9.07,515,406172,134910
2023-05-05T13:00:37.230Z,9.07,514,406305,134967
2023-05-05T14:00:16.269Z,9.07,514,406433,135040
2023-05-05T15:00:37.320Z,9.07,514,406562,135096
2023-05-05T16:00:34.252Z,9.07,514,406689,135149
2023-05-05T17:00:17.118Z,9.07,514,406890,135222
2023-05-05T18:00:37.158Z,9.07,514,407084,135303
2023-05-05T19:00:37.252Z,9.07,514,407257,135368
2023-05-05T20:00:37.532Z,9.07,514,407417,135434
2023-05-05T21:00:37.560Z,9.07,514,407570,135499
2023-05-05T22:00:37.909Z,9.07,513,407751,135569
2023-05-05T23:00:37.822Z,9.07,513,407917,135648
2023-05-06T00:00:14.215Z,9.07,513,407978,135680
2023-05-06T01:00:37.227Z,9.07,513,408162,135751
2023-05-06T02:00:21.259Z,9.07,512,408280,135798
2023-05-06T03:00:37.419Z,9.07,512,408422,135842
2023-05-06T04:00:37.534Z,9.07,512,408544,135893
2023-05-06T05:00:27.294Z,9.07,512,408606,135924
2023-05-06T06:00:25.902Z,9.07,512,408790,135998
2023-05-06T07:00:12.213Z,9.07,512,408849,136024
2023-05-06T08:00:12.219Z,9.07,511,408982,136079
2023-05-06T09:00:11.105Z,9.07,511,409117,136135
2023-05-06T10:00:12.391Z,9.07,511,409228,136179
2023-05-06T11:00:11.332Z,9.07,511,409335,136211
2023-05-06T12:00:16.538Z,9.07,510,409461,136255
2023-05-06T13:00:12.424Z,9.07,510,409577,136306
2023-05-06T14:00:36.865Z,9.07,509,409683,136352
2023-05-06T15:00:36.895Z,9.07,509,409850,136415
2023-05-06T16:00:09.879Z,9.07,509,410020,136486
2023-05-06T17:00:12.340Z,9.07,509,410195,136566
2023-05-06T18:00:37.014Z,9.07,509,410355,136633
2023-05-06T19:00:32.743Z,9.07,509,410480,136675
2023-05-06T20:00:37.451Z,9.07,509,410761,136794
2023-05-06T21:00:15.216Z,9.07,508,410938,136879
2023-05-06T22:00:10.018Z,9.07,507,411132,136956
2023-05-06T23:00:10.158Z,9.07,507,411338,137037
2023-05-07T00:00:10.740Z,9.07,507,411444,137082
2023-05-07T01:00:09.680Z,9.07,507,411577,137138
2023-05-07T02:00:10.240Z,9.07,507,411695,137194
2023-05-07T03:00:11.315Z,9.07,507,411785,137214
2023-05-07T04:00:10.682Z,9.06,507,411931,137255
2023-05-07T05:00:09.338Z,9.06,507,412014,137287
2023-05-07T06:00:11.499Z,9.06,507,412176,137345
2023-05-07T07:00:11.111Z,9.06,507,412312,137400
2023-05-07T08:00:10.978Z,9.06,507,412432,137436
2023-05-07T09:00:09.770Z,9.06,507,412536,137486
2023-05-07T10:00:12.238Z,9.06,506,412650,137528
2023-05-07T11:00:11.272Z,9.06,506,412801,137583
2023-05-07T12:00:12.539Z,9.06,506,412924,137626
2023-05-07T13:00:12.277Z,9.06,506,413080,137677
2023-05-07T14:00:12.276Z,9.06,506,413290,137755
2023-05-07T15:00:11.418Z,9.06,506,413348,137778
2023-05-07T16:00:11.588Z,9.06,506,413564,137860
2023-05-07T17:00:10.097Z,9.06,506,413802,137968
2023-05-07T18:00:10.949Z,9.06,506,414014,138050
2023-05-07T19:00:10.756Z,9.06,506,414190,138125
2023-05-07T20:00:09.390Z,9.06,506,414399,138202
2023-05-07T21:00:13.816Z,9.06,506,414591,138284
2023-05-07T22:00:09.191Z,9.06,506,414852,138381
2023-05-07T23:00:09.513Z,9.06,506,415027,138452
2023-05-08T00:00:12.640Z,9.06,506,415262,138525
2023-05-08T01:00:11.074Z,9.06,506,415340,138556
2023-05-08T02:00:11.170Z,9.06,506,415531,138614
2023-05-08T03:00:10.855Z,9.06,506,415696,138670
2023-05-08T04:00:10.651Z,9.06,506,415819,138706
2023-05-08T05:00:10.729Z,9.06,506,415949,138768
2023-05-08T06:00:10.268Z,9.06,506,416056,138820
2023-05-08T07:00:20.152Z,9.06,506,416113,138842
2023-05-08T08:00:24.975Z,9.06,506,416316,138909
2023-05-08T09:00:37.396Z,9.06,505,416439,138952
2023-05-08T10:00:12.977Z,9.06,505,416532,138980
2023-05-08T11:00:10.640Z,9.06,503,416605,139001
2023-05-08T12:00:10.550Z,9.06,502,416711,139055
2023-05-08T13:00:23.612Z,9.06,502,416841,139090
2023-05-08T14:00:28.418Z,9.06,502,416997,139151
2023-05-08T15:00:19.861Z,9.06,502,417127,139202
2023-05-08T16:00:19.131Z,9.06,501,417316,139263
2023-05-08T17:00:10.198Z,9.06,501,417509,139343
2023-05-08T18:00:19.727Z,9.06,501,417666,139403
2023-05-08T19:00:36.591Z,9.06,501,417818,139456
2023-05-08T20:00:28.991Z,9.06,501,417929,139498
2023-05-08T21:00:27.735Z,9.06,501,418129,139562
2023-05-08T22:00:11.465Z,9.06,501,418247,139600
2023-05-08T23:00:09.527Z,9.06,499,418454,139679
2023-05-09T00:00:31.466Z,9.06,499,418597,139729
2023-05-09T01:00:10.205Z,9.06,499,418756,139794
2023-05-09T02:00:08.720Z,9.06,499,418799,139809
2023-05-09T03:00:36.661Z,9.06,499,418960,139873
2023-05-09T04:00:36.836Z,9.06,498,419113,139922
2023-05-09T05:00:12.021Z,9.06,498,419234,139973
2023-05-09T06:00:10.296Z,9.06,498,419290,139998
2023-05-09T07:00:37.277Z,9.05,498,419396,140033
2023-05-09T08:00:14.172Z,9.05,498,419496,140063
2023-05-09T09:00:13.821Z,9.05,498,419570,140095
2023-05-09T10:00:25.885Z,9.05,498,419669,140131
2023-05-09T11:00:28.241Z,9.05,498,419762,140175
2023-05-09T12:00:11.194Z,9.05,498,419844,140203
2023-05-09T13:00:36.756Z,9.05,498,419961,140242
2023-05-09T14:00:21.367Z,9.05,498,420036,140267
2023-05-09T15:00:37.083Z,9.05,497,420195,140332
2023-05-09T16:00:10.655Z,9.05,497,420305,140376
2023-05-09T17:00:12.741Z,9.05,497,420416,140430
2023-05-09T18:00:15.853Z,9.05,497,420574,140483
2023-05-09T19:00:37.197Z,9.05,497,420749,140561
2023-05-09T20:00:12.342Z,9.05,495,420875,140606
2023-05-09T21:00:37.934Z,9.05,495,421021,140660
2023-05-09T22:00:36.741Z,9.05,495,421159,140723
2023-05-09T23:00:36.846Z,9.05,495,421276,140760
2023-05-10T00:00:23.378Z,9.05,495,421410,140822
2023-05-10T01:00:36.861Z,9.05,493,421494,140856
2023-05-10T02:00:17.035Z,9.05,493,421641,140908
2023-05-10T03:00:09.909Z,9.05,493,421769,140954
2023-05-10T04:00:26.635Z,9.05,493,421872,140987
2023-05-10T05:00:32.503Z,9.05,493,421915,141011
2023-05-10T06:00:37.899Z,9.05,493,422055,141057
2023-05-10T07:00:10.978Z,9.05,493,422154,141098
2023-05-10T08:00:12.927Z,9.05,493,422230,141132
2023-05-10T09:00:37.913Z,9.05,493,422325,141165
2023-05-10T10:00:37.926Z,9.05,493,422392,141187
2023-05-10T11:00:11.606Z,9.05,492,422481,141214
2023-05-10T12:00:37.341Z,9.05,492,422591,141258
2023-05-10T13:00:14.713Z,9.05,492,422686,141299
2023-05-13T03:00:18.139Z,9.05,493,421968,141030
2023-05-13T04:00:36.756Z,9.05,493,422204,141144
2023-05-13T05:00:37.302Z,9.05,493,422385,141216
2023-05-13T06:00:37.656Z,9.05,492,422567,141289
2023-05-13T07:00:13.325Z,9.05,492,422763,141383
2023-05-13T08:00:37.116Z,9.05,492,422971,141465
2023-05-13T09:00:29.173Z,9.05,492,423167,141543
2023-05-13T10:00:11.060Z,9.05,491,423362,141635
2023-05-13T11:00:20.138Z,9.05,491,423578,141718
2023-05-13T12:00:11.586Z,9.05,491,423768,141796
2023-05-13T13:00:32.512Z,9.05,491,423894,141846
2023-05-13T14:00:21.728Z,9.05,491,424100,141912
2023-05-13T15:00:11.279Z,9.05,491,424312,141996
2023-05-13T16:00:21.782Z,9.05,490,424541,142101
2023-05-13T17:00:37.243Z,9.05,488,424744,142195
2023-05-13T18:00:15.722Z,9.05,488,424913,142265
2023-05-13T19:00:20.475Z,9.05,488,425208,142363
2023-05-13T20:00:20.335Z,9.05,488,425448,142470
2023-05-13T21:00:38.129Z,9.05,488,425514,142490
2023-05-13T22:00:17.382Z,9.05,487,425747,142584
2023-05-13T23:00:36.353Z,9.05,486,425991,142688
2023-05-14T00:00:11.654Z,9.05,486,426105,142731
2023-05-14T01:00:09.104Z,9.05,486,426255,142786
2023-05-14T02:00:36.387Z,9.05,486,426464,142887
2023-05-14T03:00:36.944Z,9.05,485,426613,142949
2023-05-14T04:00:13.295Z,9.05,485,426701,142979
2023-05-14T05:00:19.590Z,9.04,485,426866,143042
2023-05-14T06:00:11.274Z,9.04,485,426990,143098
2023-05-14T07:00:37.145Z,9.04,485,427102,143135
2023-05-14T08:00:36.822Z,9.04,485,427231,143187
2023-05-14T09:00:21.591Z,9.04,485,427306,143207
2023-05-14T10:00:37.407Z,9.04,485,427522,143294
2023-05-14T11:00:11.202Z,9.04,485,427631,143335
2023-05-14T12:00:37.037Z,9.04,485,427739,143378
2023-05-14T13:00:37.573Z,9.04,484,427888,143440
2023-05-14T14:00:12.553Z,9.04,484,428077,143509
2023-05-14T15:00:16.369Z,9.04,484,428200,143563
2023-05-14T16:00:30.442Z,9.04,484,428429,143647
2023-05-14T17:00:36.703Z,9.04,484,428606,143724
2023-05-14T18:00:37.237Z,9.04,483,428708,143760
2023-05-14T19:00:37.319Z,9.04,483,428945,143832
2023-05-14T20:00:37.628Z,9.04,483,429143,143909
2023-05-14T21:00:38.407Z,9.04,483,429313,143980
2023-05-14T22:00:37.095Z,9.04,483,429564,144055
2023-05-14T23:00:34.868Z,9.04,483,429699,144102
2023-05-15T00:00:38.198Z,9.04,483,429849,144169
2023-05-15T01:00:36.555Z,9.04,483,429997,144222
2023-05-15T02:00:36.890Z,9.04,483,430090,144256
2023-05-15T03:00:16.454Z,9.04,483,430239,144309
2023-05-15T04:00:12.050Z,9.04,483,430306,144337
2023-05-15T05:00:22.863Z,9.04,483,430450,144393
2023-05-15T06:00:37.387Z,9.04,483,430537,144430
2023-05-15T07:00:16.009Z,9.04,483,430694,144503
2023-05-15T08:00:37.989Z,9.04,483,430772,144537
2023-05-15T09:00:35.143Z,9.04,483,430847,144569
2023-05-15T10:00:37.696Z,9.04,483,430976,144621
2023-05-15T11:00:38.212Z,9.04,483,431074,144659
2023-05-15T12:00:20.660Z,9.04,482,431149,144688
2023-05-15T13:00:38.738Z,9.04,482,431270,144736
2023-05-15T14:00:24.252Z,9.04,481,431397,144790
2023-05-15T15:00:37.630Z,9.04,481,431534,144851
2023-05-15T16:00:37.516Z,9.04,481,431586,144878
2023-05-15T17:00:29.356Z,9.04,481,431787,144949
2023-05-15T18:00:13.288Z,9.04,481,431931,145004
2023-05-15T19:00:22.302Z,9.04,480,432075,145042
2023-05-15T20:00:14.833Z,9.04,480,432240,145105
2023-05-15T21:00:29.166Z,9.04,479,432407,145182
2023-05-15T22:00:10.048Z,9.04,479,432539,145226
2023-05-15T23:00:37.195Z,9.04,479,432662,145282
2023-05-16T00:00:37.224Z,9.04,478,432774,145331
2023-05-16T01:00:11.738Z,9.04,478,432914,145384
2023-05-16T02:00:37.152Z,9.04,478,432994,145434
2023-05-16T03:00:12.443Z,9.04,477,433126,145496
2023-05-16T04:00:10.938Z,9.04,477,433211,145532
2023-05-16T05:00:13.398Z,9.03,477,433348,145586
2023-05-16T06:00:38.146Z,9.03,476,433448,145630
2023-05-16T07:00:11.897Z,9.03,476,433550,145670
2023-05-16T08:00:37.653Z,9.03,476,433619,145701
2023-05-16T09:00:37.808Z,9.03,476,433683,145732
2023-05-16T10:00:11.025Z,9.03,475,433790,145780
2023-05-16T11:00:37.893Z,9.03,474,433907,145837
2023-05-16T12:00:13.608Z,9.03,474,433971,145861
2023-05-16T13:00:18.769Z,9.03,474,434055,145887
2023-05-16T14:00:37.937Z,9.03,474,434166,145924
2023-05-16T15:00:37.320Z,9.03,474,434266,145967
2023-05-16T16:00:12.828Z,9.03,474,434404,146032
2023-05-16T17:00:12.730Z,9.03,474,434581,146097
2023-05-16T18:00:14.224Z,9.03,474,434741,146158
2023-05-16T19:00:37.551Z,9.03,474,434906,146224
2023-05-16T20:00:37.837Z,9.03,473,435087,146286
2023-05-16T21:00:13.816Z,9.03,473,435236,146331
2023-05-16T22:00:16.628Z,9.03,472,435392,146396
2023-05-16T23:00:20.127Z,9.03,472,435540,146445
2023-05-17T00:00:10.523Z,9.03,472,435687,146495
2023-05-17T01:00:36.415Z,9.03,472,435804,146531
2023-05-17T02:00:26.180Z,9.03,472,435910,146565
2023-05-17T03:00:36.900Z,9.03,472,436034,146607
2023-05-17T04:00:22.269Z,9.03,472,436144,146656
2023-05-17T05:00:10.383Z,9.03,472,436240,146682
2023-05-17T06:00:31.738Z,9.03,472,436340,146710
2023-05-17T07:00:15.725Z,9.03,472,436431,146744
2023-05-17T08:00:12.440Z,9.03,472,436558,146792
2023-05-17T09:00:37.508Z,9.03,472,436648,146827
2023-05-17T10:00:30.159Z,9.03,472,436713,146849
2023-05-17T11:00:37.911Z,9.03,472,436778,146874
2023-05-17T12:00:31.396Z,9.03,472,436839,146895
2023-05-17T13:00:11.505Z,9.03,472,437003,146954
2023-05-17T14:00:12.040Z,9.03,472,437140,147005
2023-05-17T15:00:16.529Z,9.03,472,437228,147048
2023-05-17T16:00:37.431Z,9.03,472,437383,147096
2023-05-17T17:00:34.304Z,9.03,472,437555,147207
2023-05-17T18:00:11.417Z,9.03,471,437699,147293
2023-05-17T19:00:26.119Z,9.03,471,437874,147409
2023-05-17T20:00:37.926Z,9.03,471,437969,147473
2023-05-17T21:00:28.299Z,9.03,471,438172,147602
2023-05-17T22:00:36.284Z,9.03,471,438285,147664
2023-05-17T23:00:37.855Z,9.03,471,438493,147792
2023-05-18T00:00:37.202Z,9.03,471,438638,147880
2023-05-18T01:00:36.654Z,9.03,471,438733,147940
2023-05-18T02:00:37.290Z,9.03,470,438843,148009
2023-05-18T03:00:36.916Z,9.03,470,439009,148098
2023-05-18T04:00:36.947Z,9.03,470,439116,148170
2023-05-18T05:00:37.045Z,9.03,470,439249,148225
2023-05-18T06:00:23.091Z,9.03,470,439352,148280
2023-05-18T07:00:37.015Z,9.03,469,439469,148361
2023-05-18T08:00:11.376Z,9.03,469,439581,148420
2023-05-18T09:00:20.674Z,9.03,469,439705,148489
2023-05-18T10:00:13.408Z,9.03,469,439816,148554
2023-05-18T11:00:17.678Z,9.03,469,439889,148589
2023-05-18T12:00:11.095Z,9.03,468,439961,148623
2023-05-18T13:00:19.336Z,9.03,468,440104,148709
2023-05-18T14:00:37.732Z,9.03,468,440235,148785
2023-05-18T15:00:37.246Z,9.03,468,440400,148856
2023-05-18T16:00:11.964Z,9.03,467,440532,148917
2023-05-18T17:00:13.070Z,9.03,466,440702,148993
2023-05-18T18:00:10.370Z,9.03,466,440788,149029
2023-05-18T19:00:31.921Z,9.03,466,440956,149110
2023-05-18T20:00:12.801Z,9.03,466,441098,149169
2023-05-18T21:00:38.196Z,9.03,466,441247,149218
2023-05-18T22:00:11.217Z,9.03,466,441388,149269
2023-05-18T23:00:36.958Z,9.03,466,441472,149308
2023-05-19T00:00:15.745Z,9.03,466,441581,149364
2023-05-19T01:00:11.266Z,9.03,466,441748,149448
2023-05-19T02:00:23.016Z,9.03,466,441845,149496
2023-05-19T03:00:12.563Z,9.03,465,441973,149551
2023-05-19T04:00:15.524Z,9.03,465,442084,149594
2023-05-19T05:00:09.958Z,9.03,465,442206,149648
2023-05-19T06:00:11.936Z,9.03,465,442311,149689
2023-05-19T07:00:37.328Z,9.03,465,442361,149711
2023-05-19T08:00:15.241Z,9.03,465,442458,149763
2023-05-19T09:00:09.264Z,9.03,465,442548,149801
2023-05-19T10:00:37.029Z,9.03,465,442626,149836
2023-05-19T11:00:37.569Z,9.03,465,442724,149870
2023-05-19T12:00:37.779Z,9.03,465,442822,149911
2023-05-19T13:00:37.649Z,9.03,465,442919,149957
2023-05-19T14:00:16.604Z,9.03,463,443015,150007
2023-05-19T15:00:36.838Z,9.03,463,443112,150060
2023-05-19T16:00:27.387Z,9.03,463,443208,150100
2023-05-19T17:00:30.843Z,9.03,463,443383,150185
2023-05-19T18:00:15.938Z,9.03,463,443514,150240
2023-05-19T23:00:29.228Z,9.03,463,443693,150311
2023-05-20T00:00:11.690Z,9.03,463,443761,150334
2023-05-20T01:00:10.408Z,9.03,463,443925,150401
2023-05-20T02:00:09.557Z,9.03,463,444002,150442
2023-05-20T03:00:18.557Z,9.03,463,444109,150489
2023-05-20T04:00:38.632Z,9.03,463,444200,150536
2023-05-20T05:00:34.232Z,9.03,463,444288,150564
2023-05-20T06:00:10.339Z,9.03,462,444411,150610
2023-05-20T07:00:38.807Z,9.03,462,444505,150667
2023-05-20T08:00:13.174Z,9.03,462,444591,150705
2023-05-20T09:00:37.325Z,9.03,462,444685,150745
2023-05-20T10:00:36.795Z,9.03,462,444761,150771
2023-05-20T11:00:14.329Z,9.03,462,444895,150829
2023-05-20T12:00:29.855Z,9.03,462,445002,150884
2023-05-20T13:00:12.076Z,9.03,462,445100,150922
2023-05-20T14:00:36.986Z,9.03,462,445175,150955
2023-05-20T15:00:10.696Z,9.03,462,445377,151041
2023-05-20T16:00:37.178Z,9.03,462,445472,151087
2023-05-20T17:00:36.984Z,9.03,462,445612,151143
2023-05-20T18:00:10.998Z,9.03,462,445777,151217
2023-05-20T19:00:11.803Z,9.03,461,445880,151256
2023-05-20T20:00:38.085Z,9.03,461,446022,151316
2023-05-20T21:00:37.796Z,9.03,461,446153,151374
2023-05-20T22:00:31.776Z,9.03,461,446300,151440
2023-05-20T23:00:10.466Z,9.03,460,446460,151515
2023-05-21T00:00:14.348Z,9.03,460,446584,151561
2023-05-21T01:00:36.227Z,9.03,460,446693,151613
2023-05-21T02:00:09.145Z,9.03,459,446804,151667
2023-05-21T03:00:12.970Z,9.03,458,446910,151697
2023-05-21T04:00:10.435Z,9.03,458,447019,151746
2023-05-21T05:00:37.238Z,9.03,457,447104,151777
2023-05-21T06:00:18.326Z,9.03,457,447179,151812
2023-05-21T07:00:36.785Z,9.03,457,447303,151869
2023-05-21T08:00:37.087Z,9.03,457,447383,151902
2023-05-21T09:00:10.878Z,9.03,457,447514,151966
2023-05-21T10:00:11.142Z,9.03,457,447568,151990
2023-05-21T11:00:34.889Z,9.03,457,447666,152042
2023-05-21T12:00:37.222Z,9.03,457,447783,152107
2023-05-21T13:00:37.612Z,9.03,456,447913,152155
2023-05-21T14:00:10.975Z,9.03,456,448074,152228
2023-05-21T15:00:24.686Z,9.03,456,448185,152270
2023-05-21T16:00:13.954Z,9.03,456,448299,152313
2023-05-21T17:00:20.332Z,9.03,456,448413,152356
2023-05-21T18:00:18.845Z,9.03,456,448564,152411
2023-05-21T19:00:19.532Z,9.03,455,448743,152477
2023-05-21T20:00:37.197Z,9.03,455,448850,152511
2023-05-21T21:00:36.548Z,9.03,455,449052,152581
2023-05-21T22:00:15.111Z,9.03,455,449205,152641
2023-05-21T23:00:10.325Z,9.03,455,449352,152712
2023-05-22T00:00:09.664Z,9.03,455,449501,152765
2023-05-22T01:00:11.049Z,9.03,455,449611,152812
2023-05-22T02:00:14.825Z,9.03,454,449686,152836
2023-05-22T03:00:15.152Z,9.03,454,449786,152871
2023-05-22T04:00:36.677Z,9.03,454,449913,152935
2023-05-22T05:00:10.500Z,9.03,454,450027,152980
2023-05-22T06:00:20.142Z,9.03,454,450125,153014
2023-05-22T07:00:33.400Z,9.03,454,450194,153051
2023-05-22T08:00:40.906Z,9.03,454,450260,153090
2023-05-22T09:00:25.262Z,9.03,454,450358,153138
2023-05-22T10:00:37.619Z,9.03,454,450439,153171
2023-05-22T11:00:16.182Z,9.03,454,450541,153206
2023-05-22T12:00:37.817Z,9.03,454,450627,153234
2023-05-22T13:00:14.773Z,9.03,454,450708,153262
2023-05-22T14:00:38.165Z,9.03,454,450792,153300
2023-05-22T15:00:25.220Z,9.03,454,450872,153338
2023-05-22T16:00:37.665Z,9.03,454,450976,153376
2023-05-22T17:00:37.509Z,9.03,454,451091,153423
2023-05-22T18:00:20.104Z,9.03,454,451183,153454
2023-05-22T19:00:10.262Z,9.03,454,451323,153515
2023-05-22T20:00:37.350Z,9.03,454,451456,153571
2023-05-22T21:00:14.766Z,9.03,454,451595,153634
2023-05-22T23:00:10.738Z,9.03,454,451766,153699
2023-05-23T00:00:19.070Z,9.03,454,451906,153757
2023-05-23T01:00:14.207Z,9.03,454,451992,153802
2023-05-23T02:00:13.037Z,9.03,454,452078,153833
2023-05-23T03:00:19.465Z,9.02,454,452219,153884
2023-05-23T04:00:38.039Z,9.02,454,452298,153921
2023-05-23T05:00:12.889Z,9.02,454,452376,153952
2023-05-23T06:00:17.044Z,9.02,454,452431,153985
2023-05-23T07:00:37.092Z,9.02,454,452520,154018
2023-05-23T08:00:12.630Z,9.02,454,452586,154029
2023-05-23T09:00:13.065Z,9.02,454,452702,154072
2023-05-23T10:00:36.954Z,9.02,454,452739,154094
2023-05-23T11:00:37.562Z,9.02,454,452805,154118
2023-05-23T12:00:16.261Z,9.02,453,452887,154145
2023-05-23T13:00:16.887Z,9.02,453,452942,154174
2023-05-23T14:00:37.329Z,9.02,453,453042,154214
2023-05-23T15:00:11.279Z,9.02,453,453088,154234
2023-05-23T16:00:14.560Z,9.02,453,453193,154277
2023-05-23T17:00:14.295Z,9.02,453,453351,154345
2023-05-23T18:00:13.365Z,9.02,453,453449,154392
2023-05-23T19:00:30.264Z,9.02,452,453580,154433
2023-05-23T20:00:38.100Z,9.02,452,453686,154469
2023-05-23T21:00:13.888Z,9.02,452,453782,154517
2023-05-23T22:00:16.217Z,9.02,452,453940,154574
2023-05-23T23:00:09.453Z,9.02,452,454027,154594
2023-05-24T00:00:11.404Z,9.02,452,454116,154625
2023-05-24T01:00:17.777Z,9.02,452,454172,154645
2023-05-24T02:00:29.590Z,9.02,452,454248,154675
2023-05-24T03:00:26.411Z,9.02,452,454329,154709
2023-05-24T04:00:15.236Z,9.02,452,454429,154743
2023-05-24T05:00:32.667Z,9.02,452,454490,154767
2023-05-24T06:00:10.778Z,9.02,452,454565,154795
2023-05-24T07:00:37.799Z,9.02,452,454665,154832
2023-05-24T08:00:37.579Z,9.02,452,454732,154855
2023-05-24T09:00:34.582Z,9.02,452,454793,154878
2023-05-24T10:00:16.296Z,9.02,452,454867,154904
2023-05-24T11:00:37.148Z,9.02,451,454949,154937
2023-05-24T12:00:12.602Z,9.02,451,455029,154967
2023-05-24T13:00:37.465Z,9.02,451,455105,154999
2023-05-24T14:00:33.739Z,9.02,451,455170,155034
2023-05-24T15:00:27.742Z,9.02,451,455269,155074
2023-05-24T16:00:26.966Z,9.02,451,455355,155110
2023-05-24T17:00:19.757Z,9.02,451,455500,155231
2023-05-24T18:00:22.227Z,9.02,451,455682,155357
2023-05-24T19:00:17.416Z,9.02,451,455806,155448
2023-05-24T20:00:15.173Z,9.02,451,455959,155570
2023-05-24T21:00:14.692Z,9.02,451,456089,155660
2023-05-24T22:00:20.986Z,9.02,451,456303,155812
2023-05-24T23:00:17.789Z,9.02,451,456437,155904
2023-05-25T00:00:11.401Z,9.02,451,456559,155977
2023-05-25T01:00:27.668Z,9.02,451,456682,156063
2023-05-25T02:00:27.814Z,9.03,451,456776,156123
2023-05-25T03:00:23.683Z,9.03,451,456862,156185
2023-05-25T04:00:10.813Z,9.03,451,457023,156265
2023-05-25T05:00:12.999Z,9.03,451,457177,156340
2023-05-25T06:00:15.465Z,9.03,451,457319,156421
2023-05-25T07:00:16.325Z,9.03,451,457431,156486
2023-05-25T08:00:11.584Z,9.03,451,457528,156541
2023-05-25T09:00:21.654Z,9.03,451,457612,156583
2023-05-25T10:00:11.033Z,9.03,451,457754,156681
2023-05-25T11:00:11.129Z,9.03,450,457835,156727
2023-05-25T12:00:36.909Z,9.03,450,457920,156776
2023-05-25T13:00:29.674Z,9.03,449,458058,156864
2023-05-25T14:00:12.084Z,9.03,449,458129,156900
2023-05-25T15:00:21.403Z,9.03,449,458306,157002
2023-05-25T16:00:37.593Z,9.03,449,458435,157083
2023-05-25T17:00:37.388Z,9.03,449,458561,157153
2023-05-25T18:00:11.280Z,9.03,449,458673,157210
2023-05-25T19:00:11.986Z,9.03,449,458880,157340
2023-05-25T20:00:10.866Z,9.03,449,459052,157424
2023-05-25T21:00:14.306Z,9.03,449,459157,157478
2023-05-25T22:00:11.452Z,9.03,448,459320,157561
2023-05-25T23:00:36.998Z,9.03,448,459460,157643
2023-05-26T00:00:10.765Z,9.03,448,459554,157693
2023-05-26T01:00:11.333Z,9.03,448,459656,157752
2023-05-26T02:00:18.787Z,9.03,448,459762,157800
2023-05-26T03:00:11.557Z,9.03,448,459851,157843
2023-05-26T04:00:37.304Z,9.03,448,459973,157912
2023-05-26T05:00:11.950Z,9.03,447,460039,157953
2023-05-26T06:00:18.087Z,9.03,447,460185,158023
2023-05-26T07:00:31.279Z,9.03,448,460259,158063
2023-05-26T08:00:11.180Z,9.03,447,460337,158092
2023-05-26T09:00:26.517Z,9.03,447,460419,158127
2023-05-26T10:00:13.401Z,9.03,446,460521,158173
2023-05-26T11:00:14.669Z,9.03,446,460577,158203
2023-05-26T12:00:37.151Z,9.03,446,460704,158257
2023-05-26T13:00:14.847Z,9.03,446,460804,158308
2023-05-26T14:00:09.594Z,9.03,446,460918,158361
2023-05-26T15:00:15.226Z,9.03,446,461010,158401
2023-05-26T16:00:11.993Z,9.03,446,461103,158443
2023-05-26T17:00:37.068Z,9.03,446,461212,158484
2023-05-26T18:00:11.198Z,9.03,446,461354,158543
2023-05-26T19:00:36.485Z,9.03,446,461495,158603
2023-05-26T20:00:31.305Z,9.03,446,461600,158650
2023-05-26T21:00:20.333Z,9.03,446,461729,158711
2023-05-26T22:00:17.719Z,9.03,446,461792,158741
2023-05-26T23:00:25.981Z,9.03,446,461993,158822
2023-05-27T00:00:17.024Z,9.03,446,462089,158863
2023-05-27T01:00:11.702Z,9.03,445,462196,158924
2023-05-27T02:00:18.179Z,9.03,445,462248,158949
2023-05-27T03:00:10.055Z,9.03,445,462332,158985
2023-05-27T04:00:36.535Z,9.03,445,462411,159017
2023-05-27T05:00:36.366Z,9.03,445,462483,159064
2023-05-27T06:00:21.958Z,9.03,445,462614,159126
2023-05-27T07:00:18.330Z,9.03,445,462719,159165
2023-05-27T08:00:12.401Z,9.03,444,462809,159210
2023-05-27T09:00:13.622Z,9.03,444,462880,159247
2023-05-27T10:00:13.424Z,9.03,444,462981,159285
2023-05-27T11:00:10.796Z,9.03,444,463088,159326
2023-05-27T12:00:09.756Z,9.03,444,463177,159364
2023-05-27T13:00:36.969Z,9.03,444,463284,159402
2023-05-27T14:00:11.308Z,9.03,444,463398,159447
2023-05-27T15:00:36.232Z,9.03,444,463480,159478
2023-05-27T16:00:36.860Z,9.03,444,463649,159552
2023-05-27T17:00:16.117Z,9.03,444,463757,159602
2023-05-27T18:00:36.378Z,9.03,444,463896,159664
2023-05-27T19:00:36.443Z,9.03,444,463973,159697
2023-05-27T20:00:36.885Z,9.03,444,464135,159787
2023-05-27T21:00:37.553Z,9.03,444,464230,159830
2023-05-27T22:00:37.035Z,9.03,444,464397,159889
2023-05-27T23:00:10.458Z,9.03,444,464507,159935
2023-05-28T00:00:36.495Z,9.03,444,464614,159983
2023-05-28T01:00:11.443Z,9.03,444,464766,160045
2023-05-28T02:00:36.769Z,9.03,444,464804,160064
2023-05-28T03:00:09.774Z,9.03,444,464911,160116
2023-05-28T04:00:12.306Z,9.03,444,464989,160150
2023-05-28T05:00:37.515Z,9.03,444,465077,160192
2023-05-28T06:00:10.939Z,9.03,442,465194,160245
2023-05-28T07:00:13.981Z,9.03,442,465292,160291
2023-05-28T08:00:09.654Z,9.03,442,465373,160330
2023-05-28T09:00:37.611Z,9.03,442,465455,160381
2023-05-28T10:00:22.707Z,9.03,442,465542,160426
2023-05-28T11:00:37.522Z,9.03,442,465630,160460
2023-05-28T12:00:20.150Z,9.03,442,465752,160502
2023-05-28T13:00:13.528Z,9.03,442,465858,160547
2023-05-28T14:00:13.116Z,9.03,441,465926,160579
2023-05-28T15:00:14.423Z,9.03,441,466024,160625
2023-05-28T16:00:28.053Z,9.03,441,466136,160677
2023-05-28T17:00:28.366Z,9.03,441,466275,160747
2023-05-28T18:00:36.908Z,9.03,441,466417,160815
2023-05-28T19:00:37.520Z,9.03,441,466602,160889
2023-05-28T20:00:20.527Z,9.03,441,466714,160940
2023-05-28T21:00:37.773Z,9.03,441,466874,161007
2023-05-28T22:00:36.143Z,9.02,441,466974,161048
2023-05-28T23:00:36.519Z,9.02,441,467123,161104
2023-05-29T00:00:12.409Z,9.02,440,467263,161173
2023-05-29T01:00:09.404Z,9.02,440,467354,161207
2023-05-29T02:00:10.321Z,9.02,440,467487,161272
2023-05-29T03:00:16.818Z,9.02,440,467588,161318
2023-05-29T04:00:36.840Z,9.02,440,467644,161342
2023-05-29T05:00:11.181Z,9.02,440,467776,161391
2023-05-29T06:00:09.540Z,9.02,440,467880,161423
2023-05-29T07:00:31.619Z,9.02,440,467938,161442
2023-05-29T08:00:11.062Z,9.02,439,468043,161477
2023-05-29T09:00:36.704Z,9.02,439,468110,161508
2023-05-29T10:00:12.618Z,9.02,439,468183,161544
2023-05-29T11:00:37.606Z,9.02,439,468236,161572
2023-05-29T12:00:20.743Z,9.02,439,468327,161624
2023-05-29T13:00:37.031Z,9.02,439,468436,161674
2023-05-29T14:00:36.478Z,9.02,439,468515,161715
2023-05-29T15:00:37.592Z,9.02,438,468643,161783
2023-05-29T16:00:12.285Z,9.02,438,468703,161803
2023-05-29T17:00:18.005Z,9.02,438,468894,161881
2023-05-29T18:00:10.329Z,9.02,438,468958,161908
2023-05-29T19:00:14.922Z,9.02,438,469154,161986
2023-05-29T20:00:12.498Z,9.02,438,469220,162012
2023-05-29T21:00:23.549Z,9.02,437,469447,162089
2023-05-29T22:00:18.089Z,9.02,437,469502,162115
2023-05-29T23:00:16.552Z,9.02,437,469617,162168
2023-05-30T00:00:17.427Z,9.02,437,469745,162220
2023-05-30T01:00:15.588Z,9.02,437,469803,162248
2023-05-30T02:00:18.694Z,9.02,437,469913,162307
2023-05-30T03:00:16.184Z,9.02,437,470002,162347
2023-05-30T04:00:16.707Z,9.02,437,470084,162391
2023-05-30T05:00:20.205Z,9.02,437,470202,162439
2023-05-30T06:00:19.332Z,9.02,437,470287,162468
2023-05-30T07:00:18.843Z,9.02,437,470356,162503
2023-05-30T08:00:22.823Z,9.02,437,470395,162519
2023-05-30T09:00:19.260Z,9.02,437,470501,162569
2023-05-30T10:00:23.986Z,9.02,437,470561,162591
2023-05-30T11:00:38.373Z,9.02,437,470639,162632
2023-05-30T12:00:37.722Z,9.02,437,470733,162667
2023-05-30T13:00:37.793Z,9.02,437,470805,162696
2023-05-30T14:00:12.160Z,9.02,437,470874,162724
2023-05-30T15:00:37.523Z,9.02,437,470988,162783
2023-05-30T16:00:12.334Z,9.02,437,471037,162807
2023-05-30T17:00:27.937Z,9.02,437,471149,162856
2023-05-30T18:00:37.165Z,9.02,437,471254,162893
2023-05-30T19:00:36.600Z,9.02,437,471377,162949
2023-05-30T20:00:09.059Z,9.02,437,471440,162981
2023-05-30T21:00:13.771Z,9.02,437,471594,163053
2023-05-30T22:00:18.570Z,9.02,437,471695,163098
2023-05-30T23:00:17.294Z,9.02,437,471792,163132
2023-05-31T00:00:37.311Z,9.02,437,471870,163174
2023-05-31T01:00:10.536Z,9.02,437,471956,163215
2023-05-31T02:00:12.497Z,9.02,437,472054,163248
2023-05-31T03:00:36.639Z,9.02,437,472136,163276
2023-05-31T04:00:11.745Z,9.02,437,472205,163302
2023-05-31T05:00:37.068Z,9.02,437,472334,163355
2023-05-31T06:00:36.862Z,9.02,437,472408,163376
2023-05-31T07:00:36.708Z,9.02,437,472501,163417
2023-05-31T08:00:10.831Z,9.02,436,472527,163430
2023-05-31T09:00:09.853Z,9.02,436,472625,163470
2023-05-31T10:00:36.866Z,9.02,435,472649,163485
2023-05-31T11:00:18.015Z,9.02,435,472708,163520
2023-05-31T12:00:24.187Z,9.02,435,472814,163560
2023-05-31T13:00:12.944Z,9.02,435,472863,163591
2023-05-31T14:00:11.223Z,9.02,435,472931,163624
2023-05-31T15:00:36.745Z,9.02,435,473037,163665
2023-05-31T16:00:10.668Z,9.02,435,473131,163712
2023-05-31T17:00:09.967Z,9.02,435,473258,163763
2023-05-31T18:00:30.300Z,9.02,435,473315,163793
2023-05-31T19:00:20.440Z,9.02,435,473463,163856
2023-05-31T20:00:10.320Z,9.02,435,473551,163891
2023-05-31T21:00:31.955Z,9.02,435,473639,163922
2023-05-31T22:00:14.131Z,9.02,435,473765,163977
2023-05-31T23:00:08.831Z,9.02,435,473911,164049
2023-06-01T00:00:11.026Z,9.02,434,474009,164091
2023-06-01T01:00:14.217Z,9.02,433,474098,164127
2023-06-01T02:00:11.146Z,9.02,433,474143,164148
2023-06-01T03:00:09.093Z,9.02,433,474249,164191
2023-06-01T04:00:36.650Z,9.02,433,474320,164230
2023-06-01T05:00:37.657Z,9.02,433,474405,164264
2023-06-01T06:00:37.726Z,9.02,433,474478,164290
2023-06-01T07:00:24.355Z,9.02,433,474583,164342
2023-06-01T11:00:11.111Z,9.02,433,474632,164368
